PreprocessorDefinitions=
Techniques=BlitLaser,ShowWaterDepthMap,IndexedNeoBloom
TechniqueSorting=BlitLaser,ShowWaterDepthMap,IndexedNeoBloom

[LaserBlit.fx]
distortion_width=1.000000

[NeoBloomIndexedFilter.fx]
day_coeff=1.000000,1.000000,1.000000,1.000000
Intensity=1.000000
MaskLightRatio=127.000000
MaxBrightness=100.000000
Mean=0.000000
night_coeff=0.709999,0.810000,1.190000,0.750000
NormalizeBrightness=1
Padding=0.100000
Saturation=1.000000
Sigma=2.000000
start_time=0.000000
time_speed=10000.000000
Variance=5.000000
_Help=0

[show_water_depth.fx]
allowed_eu_distance=0.200000
allowed_phase_distance=0.100000
deep_ocean_color=0.402031,0.518333,0.828431
game_obj_cover_judge=0.026000
land_color=0.390904,0.689364,0.813723
maximum_land_coeff=0.257999
sigma=24.000000
water_color=0.156250,0.156250,0.351561
water_diffuse_coeff=1.000000
water_magnification=0.203997
water_reflection_coeff=2.516999
water_reflection_color=1.000000,0.999988,0.999988
water_spec_coeff=0.141999
wave_speed_ratio=30000.000000

